0,314
0,313
0,312
0,310
0,308
0,306
103,16
0,305
0,304
0,541
0,399
0,303
0,302
0,301
0,299
0,297
0,296
296,35
0,295
0,292
45,7
45,5
45,4
45,1
45,3
44,1
44,3
32,5
32,1
32,3
43,4
43,1
43,3
10,176
10,70
10,260
10,74
10,144
10,130
10,288
10,78
10,2
10,3
11,7
11,19
11,23
11,24
11,11
11,10
11,12
11,6
11,2
259,590
11,3
259,589
259,588
259,587
259,586
259,585
259,584
259,583
259,582
259,581
259,580
259,579
9,7
259,578
9,2
259,577
9,3
259,576
259,575
259,574
259,573
259,572
259,571
259,570
259,569
259,568
259,567
259,566
8,14
259,565
8,5
259,564
8,7
259,563
8,12
259,562
8,8
259,561
8,2
259,560
8,3
259,1
223,5
223,4
223,3
223,2
223,1
217,3
217,1
215,4
215,3
215,1
214,4
214,3
214,2
214,1
103,45
103,44
103,43
103,42
103,41
103,40
103,39
103,38
103,37
103,36
103,35
103,34
103,33
103,32
103,31
103,21
103,15
103,14
103,13
103,12
103,10
103,9
103,6
103,3
103,1
89,3
89,1
84,4
84,3
84,1
78,3
78,1
65,3
20,2
